    327    0
    341    1
    345    2
    379    3
    386    4
    344    5
    367    6
    328    7
    332    8
    334    9
    357   10
    346   11
    381   12
    320   13
    328   14
    334   15
    365   16
    349   17
    367   18
    341   19
    379   20
    357   21
    320   22
    325   23
    328   24
    351   25
    325   26
    323   27
    354   28
    369   29
    344   30
    348   31
    381   32
    352   33
    345   34
    363   35
    372   36
    348   37
    339   38
    360   39
    378   40
    367   41
    357   42
    361   43
    332   44
    342   45
    373   46
    345   47
    365   48
    320   49
    347   50
    370   51
    356   52
    321   53
    333   54
    340   55
    387   56
    350   57
    363   58
    350   59
    349   60
    329   61
    369   62
    338   63
    354   64
    360   65
    347   66
    359   67
    351   68
    370   69
    371   70
    355   71
    347   72
    346   73
    347   74
    348   75
    329   76
    357   77
    355   78
    339   79
    382   80
    367   81
    381   82
    336   83
    359   84
    349   85
    336   86
    326   87
    354   88
    360   89
    360   90
    339   91
    351   92
    345   93
    356   94
    346   95
    335   96
    372   97
    392   98
    341   99
    345  100
    346  101
    332  102
    362  103
    358  104
    325  105
    338  106
    354  107
    342  108
    362  109
    369  110
    345  111
    351  112
    352  113
    388  114
    340  115
    346  116
    325  117
    338  118
    327  119
    350  120
    338  121
    359  122
    384  123
    356  124
    355  125
    346  126
    364  127
    332  128
    369  129
    362  130
    338  131
    385  132
    334  133
    377  134
    366  135
    355  136
    320  137
    367  138
    330  139
    398  140
    379  141
    338  142
    341  143
    346  144
    363  145
    331  146
    353  147
    335  148
    343  149
    339  150
    318  151
    344  152
    353  153
    377  154
    364  155
    384  156
    344  157
    331  158
    380  159
    336  160
    351  161
    342  162
    340  163
    386  164
    336  165
    364  166
    352  167
    356  168
    345  169
    364  170
    375  171
    342  172
    340  173
    331  174
    348  175
    341  176
    371  177
    352  178
    368  179
    326  180
    347  181
    365  182
    357  183
    351  184
    356  185
    348  186
    347  187
    367  188
    359  189
    372  190
    375  191
    338  192
    370  193
    333  194
    312  195
    388  196
    335  197
    349  198
    362  199
    359  200
    330  201
    391  202
    355  203
    351  204
    364  205
    342  206
    354  207
    363  208
    351  209
    318  210
    347  211
    355  212
    356  213
    347  214
    331  215
    321  216
    359  217
    336  218
    315  219
    350  220
    338  221
    351  222
    331  223
    379  224
    389  225
    386  226
    369  227
    342  228
    362  229
    376  230
    333  231
    367  232
    344  233
    359  234
    374  235
    331  236
    369  237
    376  238
    373  239
    339  240
    352  241
    372  242
    388  243
    350  244
    346  245
    330  246
    359  247
    365  248
    352  249
    349  250
    389  251
    360  252
    345  253
    361  254
    367  255
